-1.92
-4.82
0.63
-0.52
-5.97
1.82
-2.74
10.28
-0.8
-0.84
-1.76
1.84
7.99
1.22
-0.84
-0.96
5.09
1.27
-0.74
-1.02
-4.54
4.02
6.48
3.88
0.65
7.13
4.88
-1.31
4.62
1.03
-6.45
6.07
-8.6
4.66
1.17
-3.27
12.47
4.39
1.64
-2.11
0.11
3.94
3.85
3.52
-2.59
-23.24
-7.77
6.81
4.21
4.75
-2.27
0.56
-0.29
4.79
-1.25
-3.31
3.3
1.15
-2.29
1.49
6.1
-2.25
1.57
4.33
3.35
-1.35
7.2
1.44
-0.76
-3.67
1.03
1.16
-7.85
1.11
1.83
-3.36
8.42
-1.09
-1.9
-10.14
-6.12
-1.92
6.35
2.46
4.69
7.19
2.65
-0.28
3.64
-4.94
4.24
2.32
-1.59
1.28
-4.19
10.83
-0.59
1.09
-2.65
1.08
0.3
-2.34
3.77
-2.38
1.19
1.02
4.13
1.53
0.93
0.13
2.3
-3.05
2.88
0.31
-0.34
3.72
-0.12
1.41
-1.89
1.65
2.87
-2.56
-4.78
0.68
0.58
-3.03
2.82
4.01
-2.31
1.34
-4.04
0.86
1.8
3.63
2.18
2.11
2.9
2.72
3.72
0.55
3.35
-1.52
3.95
1.03
2.26
1.33
0.73
2.06
2.36
-1.14
-5.97
2.76
5.02
0.86
6.25
-1.7
4.99
-0.49
-5.03
4.04
6.74
4.1
7.33
-4.15
5.35
-3.8
2.98
1.32
0.15
7.03
4.76
0.73
-3.07
3.18
-2.46
-16.08
6.15
7.13
6.1
6.16
3.5
-4.08
3.45
4.33
-2.46
4.77
-3.47
-1.38
-2.81
6.13
3.37
7.72
-4.74
2.45
5.2
-6.4
-4.42
4.64
-2.51
7.03
-5.45
-2.76
-10.72
1.19
3.13
-10.05
-7.26
7.94
0.72
-1.94
-2.13
-6.46
-9.25
2.46
7.54
1.61
-1.44
-2.29
4.24
-5.2
-1.38
-7.21
-8.18
0.5
-10.35
7.84
5.96
-5.76
-2.57
-1.88
1.09
8.22
6.05
1.42
2.35
2.34
-1.24
6.08
1.35
4.29
2.15
1.4
-1.32
-1.83
1.17
1.86
-4.06
0.08
1.6
1.43
4.54
3.43
-2.76
1.89
-1.97
-2.61
3.65
0.57
3.92
-1.22
0.49
-2.02
3.61
-0.25
3.04
-0.3
1.46
0.73
-3.57
-0.35
-0.78
2.03
1.84
3.23
1.71
0.87
1.4
-1.96
0.68
3.49
3.24
-1.96
-3.73
0.92
3.22
1.8
-4.83
-0.87
-6.36
-3.09
-0.93
4.6
1.86
-8.44
-0.77
1.53
-9.24
-17.23
-7.86
1.74
-8.12
-10.1
8.95
10.19
5.21
0.43
7.72
3.33
4.08
-2.59
5.56
2.75
-3.36
3.4
6.31
2
-7.89
-5.56
6.93
-4.77
9.54
3.88
0.6
6.82
1.99
3.49
0.45
2.9
-1.27
-1.75
-2.36
-5.99
-7.59
11.35
-0.28
0.74
5.05
4.42
3.11
-0.85
-6.19
3.89
0.79
2.55
2.73
-1.76
0.78
1.18
5.57
1.29
4.03
1.56
2.8
-1.2
5.65
-2.71
3.77
4.18
3.12
2.81

